18 0.481 0.542 0.25 0.29333333333333333
0 0.612 0.612 0.224 0.368
0 0.341 0.611 0.226 0.37066666666666664
3 0.456 0.489 0.028 0.11466666666666667
3 0.479 0.469 0.022 0.11466666666666667
0 0.717 0.365 0.07 0.17866666666666667
0 0.343 0.412 0.054 0.08
0 0.365 0.407 0.094 0.14133333333333334
0 0.563 0.406 0.118 0.13333333333333333
0 0.623 0.434 0.082 0.128
0 0.691 0.539 0.11 0.32266666666666666
0 0.27 0.548 0.14 0.3626666666666667
0 0.944 0.658 0.112 0.24533333333333332
2 0.76 0.618 0.056 0.352
2 0.757 0.486 0.046 0.13866666666666666
