2 0.835 0.614 0.182 0.16
2 0.84 0.503 0.192 0.19466666666666665
2 0.977 0.492 0.042 0.17066666666666666
2 0.976 0.608 0.048 0.16
2 0.551 0.49 0.05 0.192
2 0.55 0.607 0.052 0.14666666666666667
2 0.341 0.479 0.066 0.184
2 0.341 0.596 0.066 0.14933333333333335
2 0.165 0.483 0.07 0.18933333333333333
2 0.154 0.597 0.036 0.15733333333333333
2 0.144 0.11 0.056 0.16533333333333333
2 0.138 0.237 0.068 0.21066666666666667
2 0.362 0.119 0.072 0.17866666666666667
2 0.356 0.235 0.064 0.184
2 0.574 0.118 0.052 0.176
2 0.58 0.254 0.068 0.208
2 0.775 0.118 0.05 0.176
2 0.772 0.238 0.048 0.18133333333333335
2 0.982 0.115 0.036 0.16266666666666665
2 0.98 0.24 0.04 0.18666666666666668
0 0.881 0.503 0.182 0.22666666666666666
0 0.644 0.505 0.204 0.20533333333333334
0 0.642 0.608 0.204 0.16
0 0.417 0.597 0.178 0.15733333333333333
0 0.434 0.482 0.184 0.19733333333333333
0 0.24 0.467 0.176 0.21066666666666667
0 0.238 0.599 0.172 0.14133333333333334
0 0.236 0.242 0.204 0.208
0 0.226 0.112 0.196 0.21333333333333335
0 0.448 0.109 0.2 0.2
0 0.455 0.269 0.222 0.264
0 0.655 0.131 0.194 0.23733333333333334
0 0.701 0.277 0.27 0.23733333333333334
0 0.871 0.114 0.19 0.208
0 0.889 0.271 0.222 0.25333333333333335
0 0.058 0.116 0.112 0.20266666666666666
0 0.118 0.262 0.224 0.25066666666666665
