18 0.671 0.458 0.658 0.6246246246246246
2 0.892 0.556 0.216 0.3303303303303303
2 0.161 0.551 0.254 0.34534534534534533
0 0.215 0.443 0.306 0.6696696696696697
0 0.268 0.367 0.188 0.44144144144144143
0 0.331 0.327 0.114 0.3633633633633634
0 0.412 0.281 0.128 0.2972972972972973
0 0.451 0.256 0.078 0.15615615615615616
0 0.304 0.166 0.084 0.26426426426426425
0 0.567 0.213 0.11 0.13513513513513514
0 0.704 0.191 0.068 0.05105105105105105
0 0.785 0.193 0.062 0.06906906906906907
0 0.944 0.234 0.068 0.12012012012012012
0 0.766 0.459 0.328 0.6156156156156156
0 0.78 0.3 0.22 0.2822822822822823
0 0.71 0.274 0.108 0.25225225225225223
0 0.686 0.253 0.056 0.15915915915915915
