15 0.581 0.573 0.086 0.14714714714714713
15 0.469 0.549 0.05 0.13513513513513514
15 0.366 0.549 0.06 0.0990990990990991
15 0.323 0.51 0.046 0.07207207207207207
15 0.037 0.529 0.058 0.057057057057057055
15 0.735 0.482 0.05 0.042042042042042045
15 0.303 0.5 0.034 0.03003003003003003
15 0.231 0.493 0.034 0.03903903903903904
15 0.099 0.507 0.046 0.04504504504504504
15 0.046 0.51 0.032 0.042042042042042045
15 0.664 0.465 0.028 0.03303303303303303
15 0.786 0.462 0.028 0.036036036036036036
15 0.845 0.47 0.034 0.042042042042042045
15 0.91 0.465 0.032 0.03303303303303303
15 0.958 0.46 0.028 0.042042042042042045
