1 0.3352941176470588 0.4411764705882353 0.17647058823529413 0.10294117647058823
1 0.4929411764705882 0.4623529411764706 0.10588235294117647 0.061764705882352944
19 0.47058823529411764 0.43411764705882355 0.16 0.11470588235294117
19 0.6964705882352941 0.4329411764705882 0.14588235294117646 0.18823529411764706
11 0.5729411764705883 0.45176470588235296 0.08705882352941176 0.1411764705882353
11 0.7152941176470589 0.46941176470588236 0.042352941176470586 0.09117647058823529
11 0.8494117647058823 0.48470588235294115 0.03294117647058824 0.07647058823529412
0 0.5741176470588235 0.3835294117647059 0.08470588235294117 0.19411764705882353
0 0.7211764705882353 0.42823529411764705 0.04941176470588235 0.13529411764705881
0 0.8494117647058823 0.44823529411764707 0.047058823529411764 0.1264705882352941
