19 0.888 0.126 0.224 0.3253333333333333
19 0.663 0.079 0.234 0.20533333333333334
19 0.271 0.065 0.214 0.16266666666666665
0 0.935 0.122 0.05 0.20266666666666666
0 0.672 0.127 0.052 0.184
0 0.491 0.117 0.05 0.14133333333333334
0 0.437 0.111 0.046 0.14133333333333334
0 0.398 0.128 0.036 0.096
0 0.283 0.098 0.046 0.09066666666666667
0 0.138 0.092 0.04 0.10133333333333333
0 0.174 0.082 0.04 0.12266666666666666
0 0.109 0.093 0.026 0.10933333333333334
0 0.089 0.097 0.038 0.104
0 0.02 0.087 0.036 0.136
0 0.053 0.09 0.042 0.13333333333333333
