1 0.875 0.438 0.162 0.14457831325301204
1 0.633 0.422 0.074 0.0963855421686747
1 0.577 0.433 0.042 0.0572289156626506
1 0.475 0.433 0.042 0.05120481927710843
1 0.255 0.45 0.078 0.0783132530120482
1 0.324 0.432 0.036 0.04819277108433735
1 0.07 0.435 0.052 0.05120481927710843
1 0.129 0.437 0.038 0.0391566265060241
1 0.179 0.427 0.054 0.06325301204819277
11 0.392 0.495 0.116 0.25
0 0.399 0.444 0.102 0.2710843373493976
1 0.512 0.429 0.032 0.045180722891566265
1 0.538 0.426 0.024 0.03614457831325301
