2 0.878 0.546 0.044 0.13333333333333333
2 0.695 0.6 0.074 0.13866666666666666
2 0.493 0.674 0.082 0.176
2 0.722 0.547 0.068 0.12
2 0.239 0.704 0.106 0.112
2 0.799 0.574 0.062 0.112
2 0.614 0.641 0.076 0.14133333333333334
18 0.776 0.538 0.092 0.12266666666666666
18 0.369 0.684 0.15 0.15466666666666667
0 0.54 0.575 0.06 0.248
0 0.262 0.677 0.144 0.19466666666666665
0 0.44 0.67 0.06 0.19733333333333333
0 0.402 0.592 0.064 0.12266666666666666
0 0.626 0.618 0.104 0.192
0 0.799 0.538 0.062 0.144
0 0.977 0.468 0.046 0.208
0 0.836 0.524 0.072 0.18666666666666668
10 0.589 0.186 0.114 0.042666666666666665
