11 0.714 0.485 0.188 0.25866666666666666
11 0.467 0.499 0.23 0.3973333333333333
11 0.278 0.409 0.084 0.16266666666666665
11 0.206 0.369 0.064 0.11466666666666667
0 0.712 0.391 0.132 0.21066666666666667
0 0.451 0.423 0.126 0.36533333333333334
0 0.282 0.365 0.064 0.168
0 0.214 0.345 0.044 0.11466666666666667
1 0.061 0.382 0.118 0.14933333333333335
1 0.105 0.337 0.05 0.050666666666666665
1 0.754 0.403 0.232 0.14666666666666667
1 0.044 0.571 0.084 0.424
11 0.16 0.346 0.024 0.058666666666666666
11 0.35 0.377 0.044 0.10933333333333334
