1 0.5 0.412 0.996 0.7946666666666666
1 0.905 0.591 0.19 0.424
0 0.711 0.139 0.07 0.328
0 0.849 0.139 0.082 0.3333333333333333
0 0.788 0.254 0.084 0.14933333333333335
0 0.893 0.275 0.11 0.15733333333333333
0 0.788 0.127 0.068 0.22133333333333333
0 0.932 0.155 0.088 0.25866666666666666
0 0.606 0.083 0.068 0.12533333333333332
0 0.432 0.084 0.052 0.07466666666666667
0 0.386 0.08 0.056 0.09066666666666667
0 0.317 0.083 0.062 0.07733333333333334
0 0.254 0.073 0.036 0.11466666666666667
0 0.167 0.094 0.066 0.10666666666666667
0 0.09 0.124 0.064 0.15466666666666667
0 0.201 0.092 0.062 0.08
0 0.657 0.09 0.05 0.13866666666666666
0 0.76 0.123 0.052 0.22666666666666666
