1 0.51 0.349 0.748 0.31733333333333336
0 0.627 0.29 0.066 0.07466666666666667
0 0.942 0.196 0.044 0.256
0 0.916 0.133 0.028 0.08266666666666667
0 0.858 0.204 0.04 0.22933333333333333
0 0.819 0.202 0.046 0.22933333333333333
0 0.894 0.258 0.092 0.368
0 0.724 0.183 0.1 0.232
0 0.624 0.185 0.12 0.152
0 0.562 0.185 0.056 0.12
0 0.5 0.182 0.076 0.16
0 0.422 0.204 0.052 0.20266666666666666
0 0.325 0.208 0.078 0.24
0 0.275 0.218 0.062 0.224
0 0.133 0.234 0.078 0.304
0 0.077 0.252 0.078 0.304
0 0.018 0.246 0.028 0.30933333333333335
