1 0.592 0.667 0.096 0.07754010695187166
1 0.769 0.641 0.054 0.05080213903743316
1 0.887 0.648 0.082 0.058823529411764705
1 0.955 0.647 0.074 0.05614973262032086
1 0.859 0.618 0.042 0.053475935828877004
1 0.665 0.647 0.058 0.07219251336898395
1 0.594 0.62 0.036 0.0427807486631016
1 0.469 0.665 0.07 0.06684491978609626
1 0.377 0.635 0.054 0.06149732620320856
1 0.237 0.637 0.082 0.045454545454545456
1 0.197 0.607 0.05 0.045454545454545456
0 0.337 0.679 0.07 0.18449197860962566
0 0.2 0.694 0.052 0.1443850267379679
0 0.252 0.695 0.052 0.14171122994652408
0 0.285 0.69 0.054 0.15508021390374332
