3 0.308 0.293 0.076 0.2912912912912913
3 0.254 0.337 0.036 0.15915915915915915
2 0.87 0.483 0.26 0.5135135135135135
2 0.768 0.398 0.18 0.4444444444444444
2 0.776 0.25 0.076 0.21621621621621623
0 0.271 0.137 0.058 0.23123123123123124
0 0.33 0.128 0.068 0.25225225225225223
0 0.446 0.104 0.088 0.2042042042042042
0 0.531 0.11 0.09 0.1921921921921922
0 0.754 0.176 0.076 0.14414414414414414
0 0.683 0.377 0.238 0.5975975975975976
0 0.551 0.26 0.134 0.2702702702702703
0 0.243 0.406 0.354 0.7807807807807807
0 0.483 0.259 0.086 0.2852852852852853
0 0.436 0.252 0.084 0.29429429429429427
