11 0.246 0.435 0.244 0.6456456456456456
0 0.247 0.295 0.222 0.7957957957957958
0 0.502 0.379 0.08 0.30930930930930933
0 0.76 0.444 0.184 0.2222222222222222
0 0.948 0.384 0.068 0.34234234234234234
0 0.638 0.392 0.04 0.23423423423423423
0 0.795 0.389 0.054 0.21921921921921922
0 0.849 0.345 0.066 0.09309309309309309
0 0.072 0.376 0.08 0.2702702702702703
11 0.86 0.431 0.076 0.21921921921921922
11 0.491 0.431 0.142 0.15915915915915915
11 0.383 0.442 0.082 0.09009009009009009
0 0.023 0.426 0.042 0.14414414414414414
