15 0.142 0.238 0.28 0.432
15 0.191 0.551 0.378 0.5306666666666666
15 0.591 0.454 0.278 0.448
15 0.786 0.428 0.3 0.45866666666666667
15 0.736 0.584 0.528 0.44266666666666665
15 0.863 0.152 0.174 0.23466666666666666
15 0.944 0.101 0.112 0.24266666666666667
15 0.417 0.239 0.19 0.248
15 0.56 0.307 0.316 0.424
15 0.609 0.165 0.09 0.088
15 0.311 0.092 0.222 0.24
15 0.101 0.04 0.198 0.10133333333333333
15 0.87 0.073 0.204 0.18933333333333333
15 0.513 0.064 0.186 0.16533333333333333
15 0.671 0.062 0.134 0.16
