1 0.188 0.482 0.344 0.2042042042042042
1 0.164 0.609 0.324 0.17117117117117117
1 0.49 0.54 0.156 0.3783783783783784
1 0.669 0.538 0.21 0.3843843843843844
1 0.901 0.481 0.17 0.48348348348348347
1 0.871 0.181 0.162 0.43543543543543545
1 0.701 0.249 0.154 0.47147147147147145
1 0.689 0.047 0.118 0.13513513513513514
1 0.543 0.124 0.138 0.3663663663663664
1 0.304 0.064 0.288 0.18618618618618618
1 0.295 0.163 0.334 0.3333333333333333
2 0.281 0.551 0.066 0.13513513513513514
1 0.081 0.167 0.122 0.24324324324324326
