4 0.509 0.151 0.102 0.072
4 0.361 0.202 0.094 0.06933333333333333
4 0.466 0.266 0.092 0.09066666666666667
4 0.309 0.27 0.118 0.17066666666666666
4 0.377 0.327 0.102 0.17866666666666667
4 0.496 0.405 0.18 0.31733333333333336
4 0.646 0.323 0.184 0.392
4 0.818 0.467 0.216 0.44
4 0.121 0.472 0.166 0.352
4 0.027 0.57 0.05 0.32
4 0.069 0.297 0.134 0.168
4 0.065 0.363 0.126 0.14666666666666667
4 0.152 0.25 0.044 0.13333333333333333
4 0.119 0.274 0.05 0.10666666666666667
4 0.089 0.228 0.046 0.10666666666666667
4 0.088 0.119 0.072 0.16266666666666665
4 0.032 0.114 0.056 0.15466666666666667
4 0.959 0.48 0.082 0.33066666666666666
4 0.949 0.223 0.082 0.17866666666666667
4 0.95 0.341 0.1 0.152
