8 0.521 0.506 0.43 0.4022346368715084
0 0.522 0.37 0.252 0.6536312849162011
0 0.092 0.244 0.088 0.27932960893854747
0 0.095 0.223 0.166 0.3324022346368715
0 0.182 0.266 0.108 0.2011173184357542
0 0.204 0.174 0.092 0.2011173184357542
0 0.247 0.238 0.062 0.22346368715083798
0 0.306 0.197 0.1 0.26536312849162014
0 0.279 0.305 0.074 0.08100558659217877
0 0.387 0.269 0.09 0.164804469273743
0 0.552 0.167 0.076 0.13128491620111732
0 0.708 0.258 0.136 0.18435754189944134
0 0.822 0.209 0.1 0.3100558659217877
0 0.924 0.231 0.096 0.22625698324022347
0 0.93 0.195 0.116 0.32122905027932963
