8 0.472 0.483 0.488 0.4161676646706587
8 0.853 0.291 0.294 0.344311377245509
8 0.341 0.202 0.294 0.41317365269461076
8 0.786 0.185 0.384 0.4820359281437126
8 0.239 0.106 0.142 0.31137724550898205
0 0.524 0.095 0.096 0.27245508982035926
0 0.303 0.164 0.178 0.48502994011976047
0 0.489 0.338 0.302 0.46706586826347307
0 0.145 0.438 0.182 0.5988023952095808
0 0.103 0.596 0.166 0.16766467065868262
0 0.446 0.579 0.124 0.1347305389221557
0 0.145 0.378 0.174 0.6467065868263473
0 0.826 0.228 0.236 0.6706586826347305
0 0.764 0.176 0.108 0.5209580838323353
0 0.089 0.163 0.174 0.4820359281437126
