11 0.406 0.545 0.112 0.264
11 0.298 0.523 0.124 0.184
0 0.07 0.484 0.044 0.16533333333333333
0 0.122 0.491 0.056 0.20533333333333334
0 0.173 0.493 0.054 0.2
0 0.182 0.472 0.036 0.19733333333333333
0 0.209 0.474 0.042 0.24
0 0.294 0.486 0.116 0.29333333333333333
0 0.414 0.495 0.124 0.37066666666666664
0 0.52 0.515 0.056 0.2853333333333333
0 0.594 0.511 0.044 0.264
0 0.631 0.509 0.046 0.2693333333333333
6 0.667 0.584 0.098 0.10133333333333333
0 0.686 0.504 0.052 0.18666666666666668
0 0.754 0.523 0.06 0.232
0 0.808 0.528 0.04 0.23466666666666666
0 0.859 0.505 0.062 0.2906666666666667
0 0.71 0.505 0.044 0.27466666666666667
0 0.493 0.448 0.034 0.13333333333333333
