0 0.9608433734939759 0.8825301204819277 0.0783132530120482 0.184
0 0.8268072289156626 0.8509036144578314 0.14156626506024098 0.122
0 0.4939759036144578 0.7801204819277109 0.10843373493975904 0.1
0 0.6054216867469879 0.7906626506024096 0.06626506024096386 0.07
0 0.36596385542168675 0.7996987951807228 0.09337349397590361 0.082
0 0.2816265060240964 0.9051204819277109 0.14759036144578314 0.206
0 0.12650602409638553 0.7966867469879518 0.0783132530120482 0.134
0 0.19126506024096385 0.7966867469879518 0.07530120481927711 0.134
1 0.5030120481927711 1.2259036144578312 0.9879518072289156 0.372
1 0.5075301204819277 1.0225903614457832 0.9849397590361446 0.222
