10 0.501 0.355 0.998 0.936
10 0.477 0.379 0.142 0.06666666666666667
10 0.702 0.404 0.212 0.096
10 0.906 0.411 0.184 0.09333333333333334
19 0.813 0.621 0.374 0.25333333333333335
1 0.33 0.685 0.064 0.08266666666666667
0 0.976 0.675 0.048 0.2
0 0.919 0.68 0.05 0.18666666666666668
0 0.848 0.683 0.06 0.17866666666666667
0 0.823 0.672 0.042 0.20266666666666666
0 0.75 0.681 0.06 0.184
0 0.604 0.671 0.064 0.21066666666666667
0 0.646 0.688 0.044 0.16533333333333333
0 0.532 0.68 0.076 0.18666666666666668
0 0.483 0.681 0.058 0.184
0 0.429 0.684 0.058 0.176
0 0.402 0.68 0.04 0.18666666666666668
0 0.365 0.683 0.046 0.168
0 0.275 0.683 0.074 0.17866666666666667
0 0.222 0.679 0.092 0.18933333333333333
0 0.127 0.677 0.07 0.18933333333333333
0 0.068 0.688 0.048 0.16533333333333333
0 0.028 0.686 0.044 0.17066666666666666
