9 0.809 0.371 0.226 0.2826086956521739
9 0.168 0.3 0.148 0.14906832298136646
0 0.815 0.277 0.078 0.20186335403726707
0 0.175 0.248 0.062 0.14906832298136646
14 0.19 0.383 0.168 0.2453416149068323
14 0.274 0.399 0.192 0.2204968944099379
14 0.437 0.408 0.178 0.2546583850931677
14 0.44 0.407 0.12 0.21428571428571427
14 0.548 0.421 0.088 0.2701863354037267
14 0.616 0.403 0.072 0.2453416149068323
14 0.676 0.423 0.072 0.2391304347826087
14 0.711 0.409 0.054 0.2329192546583851
14 0.803 0.417 0.09 0.2639751552795031
14 0.958 0.374 0.084 0.19254658385093168
14 0.581 0.331 0.154 0.07763975155279502
14 0.675 0.323 0.042 0.052795031055900624
