8 0.7 0.525 0.072 0.19832402234636873
8 0.763 0.472 0.062 0.16201117318435754
8 0.547 0.537 0.058 0.22625698324022347
8 0.388 0.55 0.104 0.2011173184357542
8 0.156 0.558 0.096 0.22905027932960895
0 0.385 0.468 0.11 0.37988826815642457
0 0.166 0.462 0.112 0.30726256983240224
0 0.543 0.461 0.102 0.3547486033519553
0 0.704 0.447 0.116 0.38268156424581007
0 0.096 0.491 0.068 0.3324022346368715
0 0.025 0.475 0.046 0.3547486033519553
0 0.828 0.408 0.052 0.2569832402234637
0 0.883 0.414 0.05 0.2681564245810056
0 0.926 0.406 0.044 0.2737430167597765
0 0.965 0.4 0.058 0.27932960893854747
0 0.991 0.398 0.018 0.2569832402234637
19 0.534 0.379 0.204 0.2709497206703911
19 0.671 0.375 0.306 0.3100558659217877
