11 0.24 0.322 0.428 0.6505190311418685
11 0.777 0.328 0.414 0.6920415224913494
0 0.688 0.301 0.456 0.7301038062283737
0 0.209 0.279 0.35 0.7439446366782007
0 0.866 0.151 0.108 0.4740484429065744
0 0.326 0.151 0.128 0.3633217993079585
0 0.573 0.08 0.102 0.18685121107266436
0 0.626 0.07 0.124 0.23529411764705882
0 0.225 0.084 0.102 0.16608996539792387
0 0.037 0.108 0.07 0.35294117647058826
0 0.959 0.169 0.082 0.39100346020761245
0 0.744 0.077 0.092 0.25951557093425603
0 0.81 0.055 0.056 0.18339100346020762
0 0.389 0.081 0.082 0.27335640138408307
0 0.31 0.034 0.08 0.11072664359861592
0 0.251 0.054 0.066 0.17993079584775087
0 0.17 0.061 0.088 0.2041522491349481
