16 0.474 0.265 0.904 0.40298507462686567
0 0.981 0.345 0.026 0.11641791044776119
0 0.952 0.342 0.016 0.10746268656716418
0 0.93 0.34 0.028 0.11940298507462686
0 0.9 0.344 0.028 0.11940298507462686
0 0.873 0.353 0.03 0.14029850746268657
0 0.834 0.354 0.036 0.16119402985074627
0 0.853 0.375 0.022 0.11641791044776119
0 0.798 0.336 0.02 0.10746268656716418
0 0.74 0.354 0.024 0.11940298507462686
0 0.637 0.353 0.038 0.12835820895522387
0 0.604 0.357 0.028 0.14029850746268657
0 0.375 0.348 0.026 0.10149253731343283
0 0.333 0.346 0.018 0.0955223880597015
0 0.318 0.347 0.016 0.09253731343283582
1 0.412 0.334 0.028 0.041791044776119404
1 0.24 0.337 0.036 0.03880597014925373
1 0.105 0.337 0.038 0.03880597014925373
1 0.203 0.338 0.042 0.04776119402985075
1 0.172 0.334 0.028 0.03582089552238806
1 0.278 0.336 0.028 0.041791044776119404
