2 0.9626666666666667 0.952 0.07466666666666667 0.344
2 0.2906666666666667 1.26 0.576 0.11
2 0.092 0.94 0.17866666666666667 0.194
2 0.20266666666666666 0.816 0.176 0.172
2 0.332 0.7733333333333333 0.14666666666666667 0.124
2 0.7426666666666667 0.7106666666666667 0.19466666666666665 0.058
0 0.464 0.5746666666666667 0.2826666666666667 0.318
3 0.7106666666666667 0.572 0.024 0.046
3 0.6653333333333333 0.6026666666666667 0.024 0.076
3 0.632 0.588 0.032 0.082
3 0.6066666666666667 0.5666666666666667 0.024 0.034
3 0.58 0.5813333333333334 0.029333333333333333 0.064
18 0.4666666666666667 1.0306666666666666 0.928 0.454
