13 0.498 0.343 0.16 0.17866666666666667
2 0.881 0.585 0.238 0.37066666666666664
2 0.844 0.688 0.312 0.16533333333333333
7 0.078 0.633 0.152 0.312
4 0.66 0.33 0.112 0.5386666666666666
4 0.219 0.47 0.074 0.16533333333333333
4 0.183 0.492 0.062 0.064
4 0.172 0.406 0.072 0.10133333333333333
4 0.306 0.379 0.036 0.14133333333333334
4 0.244 0.386 0.072 0.11733333333333333
4 0.067 0.381 0.03 0.184
2 0.779 0.397 0.126 0.24266666666666667
13 0.747 0.315 0.094 0.06666666666666667
4 0.679 0.458 0.066 0.192
3 0.9 0.422 0.016 0.064
3 0.914 0.42 0.016 0.05333333333333334
3 0.887 0.366 0.014 0.064
3 0.901 0.365 0.014 0.06133333333333333
3 0.886 0.423 0.016 0.056
3 0.879 0.317 0.014 0.06133333333333333
3 0.893 0.314 0.014 0.058666666666666666
3 0.907 0.314 0.014 0.05333333333333334
3 0.918 0.314 0.008 0.05333333333333334
3 0.911 0.364 0.01 0.064
