3 0.504 0.408 0.028 0.15819209039548024
3 0.554 0.429 0.028 0.1384180790960452
3 0.59 0.397 0.028 0.1553672316384181
3 0.608 0.404 0.024 0.0903954802259887
3 0.542 0.492 0.04 0.22033898305084745
3 0.417 0.448 0.022 0.0847457627118644
3 0.413 0.493 0.03 0.09887005649717515
3 0.369 0.596 0.042 0.1694915254237288
0 0.548 0.341 0.172 0.211864406779661
0 0.349 0.377 0.086 0.2401129943502825
0 0.267 0.41 0.102 0.3446327683615819
0 0.19 0.451 0.104 0.3531073446327684
0 0.11 0.485 0.208 0.4943502824858757
0 0.735 0.365 0.106 0.3022598870056497
0 0.884 0.304 0.08 0.11864406779661017
0 0.796 0.44 0.24 0.4971751412429379
0 0.855 0.503 0.29 0.5282485875706214
18 0.471 0.562 0.598 0.4124293785310734
3 0.638 0.569 0.04 0.17231638418079095
4 0.521 0.159 0.122 0.20056497175141244
