1 0.509 0.362 0.67 0.6126126126126126
1 0.158 0.283 0.312 0.23723723723723725
1 0.972 0.267 0.056 0.14714714714714713
0 0.065 0.278 0.122 0.34234234234234234
0 0.94 0.27 0.06 0.23423423423423423
1 0.174 0.514 0.344 0.45645645645645644
0 0.965 0.458 0.07 0.6246246246246246
0 0.949 0.099 0.026 0.08108108108108109
0 0.795 0.101 0.03 0.06906906906906907
0 0.761 0.094 0.03 0.08408408408408409
0 0.731 0.095 0.03 0.057057057057057055
0 0.678 0.09 0.02 0.05405405405405406
0 0.539 0.085 0.026 0.057057057057057055
0 0.565 0.089 0.022 0.03903903903903904
0 0.595 0.094 0.014 0.042042042042042045
0 0.627 0.096 0.018 0.04804804804804805
0 0.906 0.101 0.024 0.06306306306306306
