3 0.511 0.546 0.038 0.11733333333333333
0 0.13 0.584 0.24 0.44266666666666665
0 0.758 0.563 0.224 0.44533333333333336
0 0.62 0.475 0.172 0.28
0 0.539 0.293 0.078 0.10933333333333334
0 0.059 0.468 0.106 0.37866666666666665
0 0.239 0.45 0.15 0.37333333333333335
0 0.334 0.411 0.16 0.376
0 0.431 0.301 0.046 0.10933333333333334
0 0.477 0.366 0.086 0.272
0 0.643 0.298 0.062 0.12266666666666666
0 0.71 0.315 0.032 0.09866666666666667
18 0.497 0.641 0.686 0.2906666666666667
18 0.606 0.386 0.236 0.13866666666666666
2 0.883 0.611 0.19 0.28
2 0.476 0.408 0.112 0.18133333333333335
2 0.683 0.399 0.078 0.13066666666666665
