8 0.622 0.509 0.204 0.30133333333333334
8 0.545 0.456 0.186 0.24
8 0.32 0.468 0.224 0.2826666666666667
0 0.306 0.379 0.184 0.424
0 0.513 0.333 0.118 0.216
0 0.616 0.394 0.188 0.384
0 0.037 0.244 0.054 0.13866666666666666
0 0.095 0.25 0.066 0.13333333333333333
0 0.152 0.246 0.052 0.13333333333333333
0 0.093 0.36 0.134 0.29333333333333333
0 0.172 0.366 0.1 0.256
0 0.223 0.306 0.066 0.128
0 0.702 0.264 0.068 0.112
0 0.765 0.263 0.05 0.11466666666666667
0 0.815 0.335 0.07 0.31733333333333336
0 0.873 0.272 0.054 0.10133333333333333
0 0.943 0.341 0.098 0.2906666666666667
