8 0.914 0.477 0.172 0.2964071856287425
8 0.628 0.441 0.228 0.26646706586826346
8 0.685 0.442 0.234 0.25149700598802394
8 0.421 0.426 0.202 0.2634730538922156
8 0.357 0.377 0.17 0.20059880239520958
8 0.211 0.362 0.178 0.2634730538922156
8 0.054 0.31 0.1 0.19760479041916168
0 0.051 0.241 0.098 0.24850299401197604
0 0.23 0.295 0.136 0.3203592814371258
0 0.352 0.301 0.104 0.23652694610778444
0 0.448 0.356 0.14 0.32335329341317365
0 0.64 0.362 0.152 0.2874251497005988
0 0.709 0.367 0.142 0.3083832335329341
0 0.943 0.429 0.114 0.3323353293413174
0 0.677 0.091 0.062 0.12874251497005987
0 0.603 0.088 0.066 0.11377245508982035
0 0.508 0.076 0.072 0.12574850299401197
