11 0.806 0.294 0.24 0.2054380664652568
11 0.271 0.367 0.31 0.2990936555891239
0 0.316 0.347 0.12 0.36555891238670696
0 0.843 0.269 0.094 0.2990936555891239
1 0.931 0.164 0.094 0.1027190332326284
1 0.827 0.173 0.082 0.0755287009063444
1 0.755 0.164 0.122 0.1148036253776435
1 0.651 0.169 0.09 0.10574018126888217
1 0.568 0.171 0.084 0.09365558912386707
1 0.482 0.175 0.088 0.09365558912386707
11 0.322 0.187 0.056 0.05740181268882175
1 0.269 0.18 0.122 0.09063444108761329
1 0.161 0.186 0.11 0.06646525679758308
1 0.094 0.186 0.1 0.07250755287009064
1 0.039 0.187 0.074 0.0755287009063444
