1 0.516 0.448 0.384 0.27627627627627627
1 0.695 0.319 0.154 0.2132132132132132
1 0.163 0.353 0.318 0.1831831831831832
1 0.356 0.17 0.18 0.13813813813813813
1 0.546 0.14 0.168 0.11411411411411411
1 0.753 0.192 0.19 0.13813813813813813
0 0.478 0.277 0.036 0.16516516516516516
0 0.902 0.216 0.04 0.14414414414414414
0 0.958 0.207 0.04 0.1111111111111111
0 0.886 0.431 0.072 0.1831831831831832
0 0.941 0.443 0.082 0.2012012012012012
0 0.392 0.254 0.028 0.15615615615615616
0 0.364 0.249 0.032 0.12912912912912913
