18 0.979 0.512 0.042 0.3663663663663664
18 0.317 0.331 0.626 0.4114114114114114
3 0.446 0.157 0.04 0.16516516516516516
3 0.363 0.205 0.042 0.2072072072072072
3 0.388 0.199 0.04 0.2132132132132132
3 0.107 0.281 0.054 0.24324324324324326
3 0.057 0.273 0.038 0.22522522522522523
3 0.137 0.249 0.054 0.1891891891891892
2 0.66 0.241 0.072 0.16516516516516516
2 0.619 0.287 0.098 0.2012012012012012
2 0.497 0.394 0.098 0.42042042042042044
2 0.386 0.342 0.116 0.13813813813813813
2 0.845 0.326 0.042 0.036036036036036036
2 0.925 0.354 0.09 0.3003003003003003
2 0.973 0.309 0.054 0.3033033033033033
2 0.977 0.2 0.046 0.06006006006006006
0 0.756 0.379 0.452 0.8618618618618619
0 0.239 0.384 0.462 0.8348348348348348
