0 0.649 0.115 0.154 0.30133333333333334
0 0.808 0.114 0.124 0.2986666666666667
3 0.668 0.194 0.028 0.10133333333333333
3 0.328 0.193 0.028 0.11466666666666667
3 0.256 0.196 0.032 0.11733333333333333
0 0.14 0.117 0.12 0.30666666666666664
0 0.031 0.156 0.058 0.21333333333333335
2 0.936 0.347 0.128 0.30133333333333334
2 0.769 0.346 0.162 0.2986666666666667
2 0.207 0.344 0.154 0.2773333333333333
2 0.065 0.345 0.126 0.27466666666666667
0 0.423 0.404 0.462 0.736
0 0.714 0.476 0.4 0.7306666666666667
0 0.943 0.63 0.114 0.32
0 0.526 0.628 0.216 0.3253333333333333
0 0.271 0.644 0.174 0.2826666666666667
0 0.094 0.637 0.184 0.30133333333333334
0 0.016 0.517 0.028 0.088
0 0.352 0.167 0.244 0.17866666666666667
