7 0.508 0.32 0.588 0.5317220543806647
7 0.181 0.444 0.358 0.6586102719033232
18 0.646 0.345 0.172 0.32326283987915405
18 0.805 0.606 0.39 0.1691842900302115
18 0.886 0.475 0.228 0.2326283987915408
18 0.947 0.382 0.106 0.07250755287009064
18 0.094 0.432 0.184 0.27794561933534745
0 0.222 0.411 0.192 0.7039274924471299
2 0.586 0.56 0.176 0.3081570996978852
2 0.749 0.486 0.134 0.39274924471299094
2 0.941 0.323 0.11 0.17220543806646527
2 0.985 0.234 0.03 0.14501510574018128
2 0.738 0.112 0.048 0.09667673716012085
2 0.654 0.094 0.044 0.09667673716012085
2 0.867 0.104 0.05 0.06042296072507553
2 0.747 0.095 0.046 0.0755287009063444
