11 0.482 0.526 0.88 0.9036144578313253
0 0.307 0.106 0.038 0.10040160642570281
0 0.495 0.109 0.046 0.1144578313253012
0 0.459 0.086 0.038 0.08433734939759036
0 0.424 0.106 0.032 0.12048192771084337
0 0.178 0.116 0.04 0.09236947791164658
0 0.104 0.122 0.036 0.08835341365461848
0 0.615 0.1 0.034 0.10441767068273092
0 0.661 0.099 0.026 0.09839357429718876
0 0.748 0.106 0.04 0.11244979919678715
0 0.769 0.096 0.03 0.10843373493975904
0 0.813 0.11 0.042 0.11646586345381527
0 0.969 0.13 0.022 0.11646586345381527
0 0.013 0.107 0.022 0.0783132530120482
