0 0.047 0.424 0.09 0.4266666666666667
0 0.185 0.281 0.138 0.21066666666666667
0 0.267 0.315 0.09 0.14133333333333334
0 0.433 0.387 0.098 0.44
0 0.502 0.474 0.152 0.4106666666666667
0 0.274 0.583 0.14 0.408
0 0.047 0.673 0.09 0.20533333333333334
0 0.147 0.668 0.122 0.21866666666666668
0 0.264 0.678 0.088 0.192
0 0.378 0.662 0.124 0.23466666666666666
0 0.341 0.717 0.11 0.088
9 0.291 0.466 0.578 0.33066666666666666
0 0.972 0.429 0.056 0.344
0 0.958 0.361 0.084 0.3973333333333333
0 0.827 0.321 0.146 0.41333333333333333
9 0.727 0.25 0.19 0.5173333333333333
