1 0.494 0.397 0.9 0.68
1 0.823 0.103 0.126 0.06666666666666667
1 0.675 0.102 0.186 0.07466666666666667
1 0.781 0.258 0.438 0.3413333333333333
1 0.519 0.114 0.178 0.09066666666666667
1 0.258 0.15 0.256 0.15466666666666667
1 0.067 0.189 0.13 0.216
1 0.059 0.104 0.114 0.10133333333333333
1 0.165 0.102 0.114 0.09066666666666667
1 0.304 0.083 0.124 0.050666666666666665
1 0.573 0.084 0.09 0.064
1 0.041 0.619 0.078 0.34933333333333333
0 0.954 0.117 0.092 0.24266666666666667
0 0.879 0.072 0.026 0.064
0 0.848 0.063 0.032 0.050666666666666665
0 0.778 0.066 0.044 0.06933333333333333
0 0.738 0.067 0.04 0.07733333333333334
0 0.704 0.055 0.008 0.034666666666666665
0 0.686 0.056 0.032 0.058666666666666666
0 0.579 0.052 0.022 0.032
0 0.504 0.049 0.02 0.034666666666666665
0 0.54 0.048 0.028 0.032
0 0.403 0.08 0.082 0.13866666666666666
