3 0.332 0.149 0.06 0.264
3 0.41 0.13 0.08 0.336
3 0.493 0.129 0.078 0.3333333333333333
3 0.577 0.129 0.082 0.33866666666666667
3 0.664 0.128 0.08 0.33066666666666666
3 0.747 0.128 0.082 0.336
3 0.832 0.13 0.08 0.336
3 0.91 0.127 0.068 0.3333333333333333
3 0.973 0.126 0.054 0.33066666666666666
3 0.076 0.552 0.136 0.512
3 0.191 0.549 0.134 0.49866666666666665
3 0.225 0.426 0.078 0.2826666666666667
3 0.307 0.531 0.122 0.5093333333333333
3 0.348 0.383 0.072 0.168
3 0.424 0.541 0.116 0.5146666666666667
3 0.455 0.354 0.042 0.096
3 0.498 0.41 0.052 0.192
3 0.576 0.354 0.04 0.128
3 0.597 0.404 0.07 0.18666666666666668
3 0.714 0.408 0.068 0.19733333333333333
3 0.716 0.374 0.084 0.20266666666666666
3 0.83 0.386 0.072 0.24
3 0.956 0.372 0.088 0.208
3 0.531 0.543 0.118 0.49866666666666665
3 0.645 0.542 0.11 0.5013333333333333
3 0.764 0.544 0.12 0.49066666666666664
3 0.882 0.528 0.12 0.5386666666666666
3 0.968 0.546 0.064 0.49066666666666664
