1 0.519 0.286 0.962 0.5706666666666667
11 0.507 0.34 0.974 0.7146666666666667
0 0.939 0.125 0.094 0.24266666666666667
0 0.227 0.097 0.102 0.17333333333333334
0 0.1 0.118 0.072 0.176
0 0.047 0.109 0.058 0.21066666666666667
0 0.731 0.137 0.086 0.20533333333333334
0 0.459 0.064 0.05 0.05333333333333334
0 0.4 0.072 0.04 0.037333333333333336
0 0.331 0.075 0.058 0.072
0 0.618 0.077 0.052 0.050666666666666665
0 0.686 0.08 0.028 0.058666666666666666
0 0.716 0.083 0.04 0.06666666666666667
0 0.853 0.119 0.054 0.12
0 0.989 0.125 0.022 0.16266666666666665
