19 0.221 0.38 0.43 0.9866666666666667
19 0.452 0.375 0.092 0.43466666666666665
1 0.934 0.656 0.132 0.25066666666666665
1 0.812 0.52 0.22 0.20266666666666666
1 0.622 0.605 0.22 0.30666666666666664
1 0.585 0.482 0.154 0.15466666666666667
1 0.577 0.411 0.09 0.06133333333333333
1 0.567 0.38 0.074 0.064
1 0.592 0.362 0.056 0.058666666666666666
1 0.743 0.448 0.122 0.13333333333333333
1 0.686 0.406 0.092 0.10133333333333333
1 0.675 0.357 0.054 0.029333333333333333
0 0.776 0.359 0.024 0.08266666666666667
0 0.678 0.33 0.02 0.02666666666666667
