11 0.893 0.478 0.126 0.23809523809523808
11 0.59 0.59 0.2 0.23214285714285715
11 0.414 0.525 0.1 0.2708333333333333
11 0.159 0.515 0.106 0.20535714285714285
1 0.374 0.391 0.248 0.25297619047619047
1 0.031 0.381 0.03 0.14583333333333334
0 0.892 0.391 0.14 0.33035714285714285
0 0.595 0.47 0.182 0.5476190476190477
0 0.413 0.417 0.158 0.4017857142857143
0 0.153 0.427 0.13 0.37202380952380953
0 0.17 0.41 0.14 0.36904761904761907
0 0.077 0.356 0.038 0.13095238095238096
0 0.048 0.352 0.04 0.13095238095238096
