5 0.754 0.691 0.12 0.14133333333333334
5 0.882 0.691 0.06 0.09333333333333334
5 0.986 0.711 0.028 0.09333333333333334
5 0.507 0.709 0.062 0.09333333333333334
5 0.616 0.714 0.124 0.08
0 0.404 0.446 0.256 0.5493333333333333
0 0.354 0.189 0.16 0.4666666666666667
0 0.115 0.122 0.07 0.2773333333333333
0 0.166 0.12 0.084 0.304
0 0.051 0.105 0.094 0.25866666666666666
5 0.09 0.729 0.088 0.056
0 0.99 0.03 0.02 0.064
0 0.966 0.027 0.016 0.06666666666666667
0 0.951 0.031 0.022 0.07733333333333334
0 0.928 0.032 0.036 0.08
