11 0.113 0.379 0.222 0.2809667673716012
11 0.455 0.333 0.254 0.31722054380664655
11 0.705 0.309 0.118 0.25075528700906347
11 0.772 0.284 0.08 0.18126888217522658
11 0.654 0.268 0.06 0.1933534743202417
0 0.054 0.268 0.104 0.37462235649546827
0 0.463 0.261 0.122 0.36555891238670696
0 0.514 0.181 0.096 0.1540785498489426
0 0.655 0.175 0.07 0.11782477341389729
0 0.709 0.25 0.126 0.338368580060423
0 0.793 0.235 0.09 0.27492447129909364
0 0.628 0.134 0.036 0.1148036253776435
0 0.409 0.132 0.022 0.10876132930513595
1 0.068 0.117 0.08 0.10574018126888217
11 0.849 0.132 0.03 0.06042296072507553
11 0.881 0.139 0.034 0.06948640483383686
11 0.911 0.137 0.026 0.05740181268882175
11 0.936 0.14 0.036 0.06646525679758308
1 0.255 0.111 0.038 0.0513595166163142
