2 0.865 0.613 0.158 0.36533333333333334
2 0.663 0.559 0.146 0.32266666666666666
2 0.379 0.554 0.162 0.336
2 0.359 0.529 0.114 0.31733333333333336
2 0.207 0.715 0.13 0.09333333333333334
2 0.123 0.593 0.182 0.296
2 0.504 0.441 0.056 0.22133333333333333
2 0.558 0.431 0.052 0.20533333333333334
18 0.275 0.525 0.238 0.43466666666666665
18 0.802 0.446 0.172 0.176
0 0.417 0.392 0.106 0.208
0 0.464 0.352 0.076 0.176
0 0.378 0.329 0.076 0.11466666666666667
0 0.29 0.345 0.1 0.14666666666666667
0 0.221 0.342 0.09 0.176
0 0.169 0.333 0.09 0.056
0 0.178 0.418 0.068 0.14933333333333335
0 0.115 0.355 0.038 0.088
0 0.134 0.492 0.248 0.5546666666666666
0 0.611 0.345 0.058 0.136
0 0.642 0.363 0.108 0.15733333333333333
0 0.707 0.495 0.158 0.4186666666666667
0 0.97 0.486 0.06 0.3893333333333333
0 0.834 0.519 0.248 0.552
