2 0.6893333333333334 0.7426666666666667 0.168 0.13
18 0.22933333333333333 0.8 0.31466666666666665 0.06
7 0.404 0.7693333333333333 0.232 0.118
2 0.296 0.7426666666666667 0.09066666666666667 0.05
2 0.292 0.8853333333333333 0.168 0.232
2 0.09866666666666667 0.9266666666666666 0.192 0.238
0 0.132 0.672 0.056 0.044
0 0.16933333333333334 0.848 0.28 0.26
2 0.564 0.804 0.22133333333333333 0.134
3 0.16 0.7466666666666667 0.037333333333333336 0.068
3 0.18533333333333332 0.7426666666666667 0.029333333333333333 0.062
3 0.20666666666666667 0.7493333333333333 0.024 0.068
3 0.22 0.74 0.024 0.074
