17 0.299 0.446 0.59 0.15466666666666667
1 0.77 0.659 0.092 0.07733333333333334
1 0.402 0.709 0.156 0.09333333333333334
1 0.989 0.685 0.022 0.06133333333333333
0 0.203 0.72 0.026 0.058666666666666666
0 0.18 0.673 0.032 0.088
0 0.931 0.724 0.03 0.06933333333333333
0 0.866 0.726 0.028 0.064
0 0.432 0.726 0.02 0.064
0 0.412 0.729 0.02 0.056
0 0.384 0.734 0.028 0.042666666666666665
0 0.357 0.736 0.03 0.037333333333333336
0 0.329 0.73 0.018 0.05333333333333334
0 0.226 0.737 0.024 0.034666666666666665
0 0.247 0.739 0.026 0.029333333333333333
0 0.28 0.733 0.02 0.04533333333333334
0 0.281 0.72 0.022 0.037333333333333336
0 0.276 0.698 0.024 0.07466666666666667
0 0.952 0.618 0.016 0.07466666666666667
0 0.94 0.614 0.02 0.048
