18 0.73 0.348 0.284 0.16265060240963855
18 0.665 0.284 0.122 0.05421686746987952
18 0.39 0.315 0.196 0.10542168674698796
18 0.296 0.271 0.104 0.06325301204819277
18 0.127 0.312 0.198 0.13855421686746988
18 0.431 0.517 0.534 0.4367469879518072
2 0.941 0.344 0.074 0.13855421686746988
2 0.823 0.423 0.122 0.2319277108433735
2 0.718 0.494 0.108 0.3192771084337349
2 0.617 0.367 0.118 0.1536144578313253
2 0.795 0.292 0.042 0.060240963855421686
2 0.563 0.293 0.054 0.11746987951807229
2 0.502 0.289 0.02 0.0391566265060241
2 0.473 0.333 0.082 0.09337349397590361
2 0.384 0.268 0.044 0.03614457831325301
2 0.26 0.327 0.064 0.10542168674698796
2 0.135 0.327 0.098 0.11144578313253012
2 0.039 0.375 0.074 0.12951807228915663
2 0.108 0.523 0.2 0.3704819277108434
2 0.461 0.616 0.322 0.14457831325301204
