1 0.331 0.365 0.074 0.06666666666666667
1 0.263 0.373 0.074 0.088
0 0.7 0.405 0.032 0.09866666666666667
0 0.24 0.38 0.048 0.05333333333333334
0 0.306 0.405 0.044 0.136
11 0.308 0.424 0.044 0.08533333333333333
0 0.413 0.411 0.042 0.12
11 0.106 0.526 0.124 0.19733333333333333
11 0.253 0.543 0.114 0.2
11 0.391 0.59 0.118 0.24533333333333332
11 0.564 0.643 0.152 0.2693333333333333
11 0.478 0.474 0.092 0.15466666666666667
11 0.196 0.486 0.076 0.16
0 0.57 0.574 0.116 0.304
0 0.397 0.535 0.086 0.248
0 0.257 0.488 0.098 0.21333333333333335
0 0.119 0.476 0.094 0.224
0 0.198 0.447 0.064 0.17333333333333334
1 0.872 0.52 0.256 0.3413333333333333
11 0.606 0.442 0.068 0.09066666666666667
11 0.655 0.45 0.022 0.048
0 0.604 0.422 0.048 0.12266666666666666
0 0.646 0.405 0.028 0.07733333333333334
0 0.031 0.401 0.038 0.13066666666666665
0 0.074 0.392 0.044 0.06933333333333333
0 0.148 0.372 0.036 0.058666666666666666
0 0.167 0.365 0.026 0.04533333333333334
11 0.154 0.414 0.036 0.08533333333333333
11 0.072 0.451 0.052 0.104
19 0.14 0.299 0.036 0.04533333333333334
0 0.787 0.421 0.03 0.104
0 0.763 0.428 0.034 0.10133333333333333
0 0.825 0.425 0.046 0.056
0 0.476 0.44 0.064 0.16
